q1:
0 1 0 2 1 2
0 1 1 2 0 1 2 2 0

q2:
0 1 0 3 1 2 2 3
0 1 1 1 2 0 -1 1 2 -1 0 -1 2 2 -1 0

q3:
0 1 0 2 0 3 1 2 3 2
0 -1 1 -1 -1 0 -1 1 2 -1 0 -1 -1 2 -1 0

q4:
0 1 0 2 0 3 1 2 1 3 2 3
0 1 1 1 2 0 1 1 2 2 0 1 2 2 2 0

q5:
0 1 0 2 0 3 0 4 0 5 1 2 2 3 3 4 4 5
0 1 1 1 1 1 2 0 1 -1 -1 -1 2 2 0 1 -1 -1 2 -1 2 0 1 -1 2 -1 -1 2 0 1 2 -1 -1 -1 2 0

q6:
0 1 0 2 0 3 0 4 1 2 1 3 1 4 2 3 2 4 3 4
0 1 1 1 1 2 0 1 1 1 2 2 0 1 1 2 2 2 0 1 2 2 2 2 0

q7:
0 1 0 4 1 2 1 4 2 3 3 4
0 -1 -1 -1 -1 -1 0 -1 -1 1 -1 -1 0 -1 -1 -1 -1 -1 0 -1 2 -1 -1 -1 0

q8:
0 1 0 4 1 2 1 3 1 4 2 3 2 4 3 4
0 -1 -1 -1 -1 -1 0 -1 -1 1 -1 -1 0 1 -1 -1 -1 2 0 -1 -1 2 -1 -1 0

q9:
0 1 0 3 0 4 1 2 1 4 2 4 2 3 3 4
0 1 -1 1 1 2 0 1 -1 1 -1 2 0 1 1 2 -1 2 0 1 2 2 2 2 0

q10:
0 1 0 2 0 3 0 4 0 5 1 2 1 3 1 4 1 5 2 3 2 4 2 5 3 4 3 5 4 5
0 1 1 1 1 1 2 0 1 1 1 1 2 2 0 1 1 1 2 2 2 0 1 1 2 2 2 2 0 1 2 2 2 2 2 0
